100
87933
65565
92569
91351
2694
76874
43908
93735
96366
14869
43058
24778
65169
68551
88877
10778
34463
60833
81421
51738
28358
86193
77838
41278
41145
76628
94188
55354
91090
39889
64003
95375
5454
56572
3078
24500
33446
46987
18236
29813
78208
61294
54591
43377
46197
59820
70507
80660
37005
51928
48750
65363
38122
26589
6641
79267
3217
17181
50973
94307
57071
14976
6034
78877
71549
9112
3378
21347
72451
21614
67512
50659
99260
38455
10388
61809
14628
80896
58822
51633
32824
7572
33349
87298
34161
56342
82918
37378
73524
33891
48037
46947
48868
70423
25824
36769
95888
45554
58116
68339
