1000
20513
50373
26418
20796
10613
11336
10700
41840
3543
27839
67934
45585
52303
29788
88654
84411
19792
26895
964
29502
71287
87488
86517
88000
97398
20472
87863
47821
17157
15350
53228
54022
82076
79646
74818
9041
7335
1871
67233
27230
46062
51520
72815
98365
81308
77821
82776
17452
21069
83741
46954
92356
87581
49823
96708
1332
70296
924
49153
3805
32626
2381
57827
14702
98380
48998
23744
22067
50869
7329
49297
96931
58849
22113
95296
40157
99934
94425
57609
37355
94518
20916
29712
82099
87091
26420
83431
73739
43696
48936
77544
76323
67670
35372
7377
66050
84370
47473
88117
51591
54803
53766
48522
30004
75879
60170
70162
92166
54595
44123
29521
49113
81391
75585
47565
68483
18358
47348
58574
62054
12637
36119
54729
80307
87843
62107
62709
88565
25932
67178
40156
80735
20944
5030
10740
13176
65200
97254
21694
19796
57729
51215
85261
55473
43153
49178
23956
61511
12879
98882
39917
25516
51353
94647
22175
39196
73106
84884
44113
99038
52062
621
96126
73006
5651
23218
2534
70852
20472
24228
7000
94553
91796
8613
50026
34949
74144
90334
96460
87023
89217
36377
12539
40570
47376
34714
96119
20482
35950
56584
35873
88012
57206
31999
77370
62857
55217
79905
50061
92041
20485
73413
2946
12281
82027
52973
47230
56171
59659
60042
43194
48876
12772
72085
5799
76500
23151
18270
96983
59101
74854
32856
63465
32060
81207
40835
11270
52776
37092
61331
44817
73930
34745
64115
86211
33124
17088
49794
89295
93100
9836
48841
41976
38960
37278
64127
15461
76781
98749
28796
35882
73604
78004
15699
22016
59211
72886
33286
11987
9979
10970
73156
261
45715
37271
86472
95191
70712
36266
838
63812
62455
66031
22140
17767
3309
2620
49580
80090
1369
78376
32324
74973
56380
48023
13342
31943
20909
46628
60282
47240
73950
33438
47501
36017
87062
50326
31208
74126
2944
32046
37938
81751
98077
76430
99519
17738
79050
49099
14180
80420
43828
46504
71745
208
10879
1439
48504
31789
64420
8786
95381
38370
42225
59235
74388
45639
9561
5596
19765
12505
53995
74055
94257
68424
50485
10128
86163
45888
75579
343
42660
19407
63200
14405
35968
74079
32197
84472
5868
96617
93258
17602
34987
51835
76837
9375
97474
2750
31324
33591
15255
1671
7646
25864
70095
74484
52344
56258
20372
27924
72954
63032
63683
36154
93789
99651
10233
25986
84123
32454
22603
77382
50056
73943
45569
43245
99670
59396
45995
30994
92987
77602
32665
16986
19819
19113
91470
72163
75371
11842
16439
48325
91226
80123
831
85015
79774
11065
27354
80250
59871
66309
73984
26279
40252
19553
69524
39923
78949
15519
87269
88289
9473
36287
5275
29292
55400
96745
17808
47123
24939
34247
11801
32517
30722
12632
17532
26849
23697
44886
7099
99920
11196
97435
26199
67800
16988
95723
24075
12290
27594
11345
16931
37068
63984
22206
82712
19384
35303
520
66507
76594
34768
78308
9111
65490
90941
42995
92339
30990
4234
15790
30911
31782
13225
57110
99582
46566
69186
23658
75208
96780
51355
92139
50200
15339
14345
32913
51075
66000
33433
17582
58946
84553
12243
68057
66396
19536
11052
75087
66878
15286
90878
14141
47068
20455
87604
63003
67021
56790
86661
42229
69922
54368
34368
20123
69707
65065
69388
20782
47417
19173
54716
6363
3727
83311
90772
86475
2847
1825
61562
86078
33463
52440
219
96884
89248
87823
59887
56269
60965
62900
14851
47240
17268
65571
83715
3327
30637
53103
40461
94406
72276
95177
770
92355
94841
91542
78830
14040
9719
56745
118
59535
25537
16690
56419
14785
20865
16306
71055
81831
95558
85906
29071
29178
51477
12786
32505
98466
82241
72966
92873
70869
84495
9995
79577
95688
17889
74759
9729
43961
31504
9847
3496
57042
26537
59915
71827
47403
92573
59234
45586
88131
61492
91009
17309
29322
20147
66166
27788
2388
55484
37013
89609
39979
63360
69186
35668
97602
60298
61749
41563
91802
71596
45059
65196
14486
4974
37024
78241
13899
12610
23827
2030
74103
31188
35691
3425
51335
1857
47565
70075
57341
931
59684
13672
80643
45223
65692
78245
5521
27441
36160
13675
15390
81219
78872
29876
2545
32248
8117
16444
44858
48296
34826
35313
79484
86869
55090
30819
88726
2656
17246
62419
19939
76930
92444
16934
38505
58136
95180
44026
1930
31340
74054
17320
28912
52926
63548
31457
85174
71665
64254
46384
36313
99080
81698
15797
2302
36788
62968
91028
55796
80214
69800
92087
73496
62244
9022
12002
36732
20554
72380
38662
68246
46434
72334
97158
15712
35882
44968
17238
23899
25574
63623
60212
41006
61673
92361
43308
14813
71681
50689
70610
51895
20489
79049
41744
99085
88071
70098
35817
24977
58830
90832
9576
21617
63166
6734
37329
15401
68054
54568
39300
9980
34543
99513
50987
96216
8226
94295
11029
79908
44984
97991
48155
81825
77041
89899
80910
81464
76349
16728
22794
35180
23912
32370
56797
87078
55456
94126
2479
23511
65046
58132
33491
99589
73997
830
12157
82223
95126
23187
62131
56462
21178
26639
38288
14571
16538
19198
12388
9240
52278
35182
44420
76190
67552
1217
79621
23008
11695
98452
62871
93094
56584
12715
9035
46933
13545
21193
29157
25023
60732
7640
97838
81910
34279
36126
12834
67170
71676
25222
76410
23955
60404
37182
16497
44308
38399
96118
67316
66446
94571
46540
59540
67507
59255
68576
14441
89152
6121
59950
30528
66853
67590
28366
65115
18222
80844
77949
1744
52520
19523
94506
92827
96279
31688
9325
40587
70087
21795
24256
52885
32718
87148
12426
226
62755
97354
31019
51907
3475
90969
98787
70328
74911
27153
35443
9485
7997
29745
11229
76870
49268
5735
86049
45548
37423
95374
2487
23862
33522
43095
76748
66240
30243
5526
82818
92998
19232
30189
61258
39059
37510
60045
25739
12422
3551
61182
38259
27900
7279
49489
21122
56548
71576
7172
18448
25352
18898
37287
65566
52420
80383
58666
35013
26978
80544
17831
19977
99776
64373
97587
55187
1883
57632
80926
14305
77535
42109
52565
5436
49388
18406
26558
22288
6334
50082
57088
48038
68981
94376
13605
21401
91111
72271
72766
18089
52816
90598
54418
68944
54971
52005
24132
73206
25990
5058
87512
3525
63519
56429
25313
29260
91187
68224
67900
13873
18306
24989
61912
87287
35717
75517
25041
43180
47788
