10000
2373
40178
73759
6768
15002
37944
27612
30421
49264
31650
21919
5961
30376
93292
66424
28375
59642
58309
44308
40649
88805
41349
47578
3551
65545
67815
88596
62662
54964
72444
34516
73689
12622
8276
80458
43976
46220
8070
74398
11836
39721
12669
17798
70097
5961
574
14825
81955
58883
59133
22604
47688
16834
86535
67592
98731
70702
72540
61394
25666
44984
12262
99355
73958
36890
79813
34287
83110
4236
25037
11299
60309
37706
45449
30406
60020
46023
61583
41975
21258
37068
80932
85299
70254
67467
69243
68986
38169
41783
46732
80187
3119
58994
79542
77077
95885
75708
11364
95347
96296
36401
22998
56605
90460
68447
3363
50480
30822
64947
8807
68433
18367
89739
53732
88622
73558
22975
73960
28079
64758
20692
8266
84229
96038
4161
61306
8275
96221
89023
3623
92517
41776
42973
49122
48588
27773
68837
99068
58595
33784
7876
27028
68504
13967
97112
57126
87526
20087
47438
31957
1197
68130
40224
85426
80520
60737
63085
88796
73310
68460
8771
65827
10236
51744
31301
75177
79517
138
74245
54465
50275
98473
81493
35131
12441
78606
92257
16319
15045
56047
48276
16243
24177
4852
18021
4697
65589
81106
9845
38899
49566
18616
21078
76155
70361
68731
51332
66230
85222
41929
20695
51849
40403
18541
86980
69196
13499
95589
85515
28544
51636
50143
61139
75813
54996
79161
96862
36937
60267
6708
92189
26186
41676
13267
2341
12037
98351
70025
78268
83573
11954
15315
35422
68709
33856
22402
37905
47355
34343
39772
75900
85979
89916
53391
61792
61264
32552
75006
98201
9172
98066
90390
35358
39743
20010
54051
68132
34713
24076
62752
18286
52382
78068
70060
21092
11924
8814
58997
75632
43157
15122
67884
29136
21390
21275
7280
82654
70180
98638
80855
79352
96705
87598
31062
52800
23960
85113
20932
58673
25541
83685
93311
77923
78105
79723
99015
90029
4889
74365
82013
64398
5839
49897
9886
27229
71173
17166
9883
41353
32156
7090
37057
28861
94688
68119
98013
18648
69584
18946
93673
11477
18983
86984
5752
13440
83059
4768
19821
87948
95485
1835
52346
1324
51732
62232
28553
22905
95750
54788
80610
27907
61878
17667
73120
56567
2138
71134
91567
88074
6432
1593
99551
41767
4929
5304
55207
87989
26424
75028
92289
38261
76863
44636
55937
28596
23220
842
67853
35323
55630
48464
79582
17508
66131
52702
90427
84622
40188
81995
72696
62972
83588
88600
4739
88517
10256
76298
92858
53032
67679
85148
7645
44542
46136
63582
89490
85708
64424
73696
21031
36406
22160
613
53914
4643
69668
44342
89265
26208
42689
78314
5533
42629
83266
26624
47498
9874
2923
40357
62906
70602
41857
70551
31496
87993
50485
37339
73701
31261
11035
11085
67667
49547
11698
37933
54190
97718
98627
59808
40279
57668
54474
45812
297
37740
72436
64148
47614
91711
4505
26872
62313
62714
13775
10162
50707
80612
63853
40760
11873
74888
51845
95892
24435
79896
33825
94977
93966
32453
71137
34245
90121
25611
80057
6771
79703
68846
70919
27317
60557
91776
70541
22871
54490
84316
49385
21549
64928
13238
62309
93153
4478
14155
89045
45265
10403
22871
40242
4369
71676
11380
38615
78149
36991
35024
1272
33047
3870
88543
60364
64428
96671
47258
3651
51161
47926
53036
89062
29207
82626
67724
22360
87104
98231
27758
32369
8634
66981
88963
13003
38657
343
67970
33158
53687
2995
50783
86734
6865
39326
63450
71293
35998
27060
74944
3511
74987
44332
92574
20546
26958
76650
42906
30414
74881
70664
79135
83515
53997
68099
12870
9006
84794
80841
42165
54833
83836
92948
57919
7053
48626
37722
78347
976
64782
69643
4488
56121
30328
13414
76667
73638
90064
19574
4053
64945
6590
83188
64812
60588
67639
77682
69594
68786
58523
28111
23619
58711
37411
97891
65765
2390
35613
60464
3366
16747
30107
7854
72869
76787
37620
49536
50426
27684
85462
54479
8981
8405
54019
73793
85345
38011
51476
71291
6797
26351
99403
46768
85063
53166
44659
50828
55556
96624
11292
58923
13372
57751
83129
86241
34539
20750
52129
1317
64786
37592
55796
90120
45997
26167
63913
47694
80530
31741
18985
87327
74445
34740
50448
59508
4259
95107
26688
59815
8084
54332
35090
21456
28435
18220
7697
79326
55322
59826
80643
36460
13770
52791
26580
76119
78959
90494
23813
75841
38587
59151
63169
13032
93891
29969
88892
98150
41428
31932
74318
49512
86264
25760
70968
31052
60332
95017
10378
15654
71196
91022
52115
84966
43813
78695
61086
39124
85541
1251
14966
40481
60402
94487
53513
70646
24456
58758
85148
65884
90690
75818
15397
93307
1579
2717
24359
61911
97735
34737
93918
68931
42111
62385
70249
2277
41080
31335
57753
42974
48939
89071
83455
25693
83558
53320
12691
24366
28430
14192
6603
19121
90010
38352
12428
7941
41069
36787
86205
38804
87876
96475
24087
29988
58860
94337
32265
16292
42024
90018
59266
90963
79090
59073
33009
79000
28746
45700
19719
57176
76244
26322
76297
82607
64674
5077
90548
5743
58216
93105
60900
46093
89580
1339
92433
64792
95676
24698
81085
37701
31068
56703
45016
26510
32129
94377
21863
60875
56430
41582
18051
32674
84256
10701
15281
48930
15778
22182
71025
73995
15287
48277
36440
21220
49617
28873
86012
61645
69923
83449
99346
991
40153
60715
43854
72282
55092
82069
49509
11522
23651
67560
60549
7907
94613
75830
73189
10392
98012
60566
739
29652
8844
37179
67224
58461
66052
69588
20106
35975
53038
35805
53318
9543
12872
13524
98177
84316
95593
47686
95839
35596
31598
56388
59855
26212
48570
49396
52956
62935
9963
70047
92587
18807
23578
76163
93620
5982
45751
30078
58309
98789
82235
27979
24684
95107
41504
22861
79424
53449
70547
91615
89046
18498
64355
65253
61062
29277
14650
14018
92212
24613
417
1151
59772
23995
77314
69744
29977
23066
16174
4638
38207
98410
32617
62892
9869
74121
2105
5645
43923
89005
13612
32969
7503
77967
14574
68565
7245
45576
98935
15809
86541
99352
16961
46313
39699
10627
32409
86028
50045
48584
90666
88253
63346
23283
67497
73215
13757
69602
78861
57680
58607
8825
7001
82462
3145
37927
51027
26742
83504
66314
42551
70045
82018
75864
32711
21717
86492
65120
24097
36537
13704
31115
24790
77050
54399
8639
66618
84508
78242
61831
58540
53201
70656
81893
35664
73801
19820
3043
543
3324
69358
43095
73370
51376
18959
6081
89446
21803
87553
29895
58341
1258
61011
99483
94660
31762
8123
61278
16270
2717
39461
91162
72270
10118
73055
7934
271
92875
27330
815
96200
96688
60262
85922
64416
95573
8355
70214
17377
95908
110
75718
13518
61121
91553
8179
92883
99676
85809
25505
2393
25271
16667
74664
35389
89722
98950
35660
98949
26280
52827
95149
39320
29441
97423
20089
25015
5778
6655
58744
1687
6765
34462
15205
84238
26015
39736
93473
42044
25546
35330
60789
67169
51997
51805
18910
58071
50756
70922
57021
93388
23750
68522
49061
53191
65946
85502
94558
88076
92157
53302
89763
15275
4116
21321
99513
46484
77409
9339
88528
2955
44669
49317
86476
96667
17475
5386
71090
84583
76309
44463
94323
16411
12986
43384
85954
95284
45238
80513
83360
37396
33815
89476
69023
54284
10797
84888
768
88206
94227
5648
7514
38897
71317
93990
51916
88792
15729
39358
73375
8390
83822
67699
24801
96808
27435
10755
92092
72674
7620
91804
26422
57788
81280
95445
12072
8429
96685
29192
96636
90913
34840
20502
29810
6157
30844
98078
94950
62925
37436
84677
71315
21258
52376
96116
34418
96164
23224
42862
85190
47196
34667
11612
4984
15947
23409
33408
24377
20094
62600
37365
27359
13792
74219
73521
19950
5063
71599
31252
67989
9036
32281
55656
46646
84658
68125
81065
97174
91349
23927
82364
54897
74946
10328
59882
7246
50089
9642
31623
70183
88595
85340
13895
2387
59559
87416
38689
80974
59016
86293
65315
84404
18575
37324
47402
19585
5449
28467
16759
96798
68747
15475
51695
60045
25803
27929
67291
75892
53924
15266
62427
58871
16958
76322
77610
92869
63739
32652
73844
39107
18945
55511
39863
53872
92835
87265
89809
98284
32085
22920
11434
17184
38395
79482
77229
80550
23763
44521
56442
94039
59787
35222
52910
93098
11544
30521
85967
91635
63173
59811
47094
98470
31675
86957
52343
40862
90575
58504
55499
22660
81425
66933
39844
19820
62767
17073
16723
86531
77946
73165
80570
54086
8387
49833
47184
36284
80354
33151
44271
43527
9315
7718
41997
57342
94675
10692
98204
1602
69197
53703
24262
50622
36989
80458
86794
99756
13884
3517
2639
91830
93035
99562
62268
17774
65747
9452
70410
46101
58956
14682
5980
84623
22400
47977
41965
33427
75022
40169
35030
44219
10225
75644
11193
63566
56103
14339
79674
86339
34209
98666
78169
27244
98228
56790
61370
80327
82594
31781
26428
41550
62815
32408
26173
1567
96737
84490
34994
71759
41012
86376
32330
51237
78373
43523
14803
50828
74215
10829
37167
8424
9495
31688
52020
24075
88478
13390
4402
71073
45171
30830
28975
7986
63238
71501
9553
76328
55991
60900
48087
97003
63628
80418
64592
42001
40293
95747
92829
14508
6577
29996
22932
16072
61685
91304
40148
66515
4695
44550
53940
49866
91733
82916
74205
71323
70769
110
47651
26760
61010
95739
40116
40991
92509
4708
82992
32802
16808
92174
63663
23385
38522
2947
55809
16559
94252
12309
83075
98947
56860
37015
65165
64945
36283
39370
36268
7052
39481
83920
33813
16843
96011
90281
57834
88520
11341
57179
37674
28149
65705
1337
67886
4227
20637
40048
20787
14889
52357
20214
30188
9217
57229
95353
90514
9865
51076
26783
16917
90557
27055
67082
23752
23066
57363
97939
27938
85057
71470
65612
13206
37175
83302
97445
41402
3939
37493
78541
35180
89850
98755
65368
15420
72337
60721
5934
82202
11797
49069
99119
18706
76124
82554
58811
99190
39917
73102
43480
24974
44572
9093
54533
98099
8747
68330
55853
12686
22175
34395
47866
28377
49502
29586
43797
21839
90307
66084
20393
18457
31505
35865
53515
7630
18419
12326
23172
58336
1780
66653
99663
46352
92098
70548
44451
845
55230
305
13531
77405
51052
77749
5782
554
7335
65932
38746
13994
32016
75491
48803
63521
11356
2319
87503
29775
30997
27028
4464
32778
93681
20479
79130
2131
91027
39934
2976
62609
56591
32859
40014
23995
26960
62148
40901
34295
28080
95999
64641
76448
71491
13445
56322
82847
15764
43825
12623
63113
87205
33439
95891
80886
53918
91374
99369
61297
47660
2345
23906
4251
51556
80272
44598
78516
42420
85499
29163
70501
81499
10157
46949
52990
23602
3271
52189
55718
63449
64812
18831
50654
14603
31075
47893
68521
22449
63614
46170
70109
65960
70076
90712
33868
66700
35310
28737
9121
37161
57900
95974
18660
68057
42923
88002
8011
62547
40192
63729
42348
21356
98913
9354
35960
29988
57247
20833
68789
37214
67004
38898
3174
53432
45962
53394
20133
81272
82131
45606
18433
56384
41580
53446
24441
84503
41448
48805
63402
81640
28886
22102
2997
27799
31457
55309
74139
5056
76142
42928
42270
59498
98178
61796
12931
60492
15191
49416
41764
13674
95022
76550
70058
36602
46348
10852
37457
87796
59657
17212
85789
88543
39314
5138
32695
70771
60447
23186
92180
52941
82467
34450
12440
80645
96247
41723
41138
27790
91139
99254
41464
2513
92156
27875
39115
38504
38727
92924
42653
98384
10136
28442
3279
65803
49932
52326
52926
10379
75513
45106
63320
57980
79557
92112
54977
92156
33835
12467
36298
24974
28074
77762
27487
20230
5637
82954
75087
60716
92231
34092
75452
18719
78886
95084
84522
28818
47410
53801
39197
22923
98907
18869
97255
94816
10982
68585
3324
61169
81052
39622
86144
25478
33737
29983
45709
39374
29290
37148
16443
37873
71240
91895
56592
50126
86979
41115
95296
34390
94916
34493
73665
10175
69714
87273
4992
97048
55858
8316
58218
53262
64291
60714
78741
98028
7049
40802
53754
36339
94302
70197
74212
81894
62093
47157
48372
65424
4624
43668
16166
15892
94513
6184
26067
64227
93457
47411
61276
65667
72080
35846
35281
36371
96560
14022
34399
3609
71176
88153
56301
65478
58351
30513
63724
36796
77670
12096
2220
82294
55764
34739
98186
50277
40923
40606
30857
34380
88017
8485
16399
60097
44331
51680
96468
40891
82055
47219
44500
69583
35373
801
51414
93724
47667
15138
46872
41689
27235
65444
40336
99351
183
54874
65981
41106
95480
96838
91838
99850
5323
24589
76299
66006
76270
72768
6897
74677
19987
67749
44260
71712
84903
95674
81788
32570
10813
28660
90611
54400
94105
47299
70103
94288
2174
36084
51747
14006
49274
43585
13856
70949
68175
90156
36955
60797
79276
60204
51826
15615
27954
96086
87328
12857
8113
69116
61779
35278
14129
68742
89678
8234
16042
76133
18874
18216
12218
70621
48574
61492
30559
62431
48794
15086
68939
85749
75883
64567
45954
27709
80182
90260
40147
83862
3117
48260
69331
81248
83538
83460
49990
89568
91694
82384
65702
26920
16952
94272
13894
65527
72116
44453
44310
20910
59539
13249
6660
51774
77816
68966
79483
74350
59226
35982
74565
78695
84243
43896
76295
84133
27356
42637
90054
35402
25022
72108
62322
41974
66380
76216
7501
54848
37021
68163
75759
96560
81412
98771
48334
75580
84089
44169
66283
43315
80152
40848
38362
80747
84744
14657
64880
28452
73646
71286
63854
98668
43394
42528
56995
26126
35097
80848
80975
72118
49012
73086
85031
46776
71857
49717
22357
55946
10239
4992
15613
90391
45840
70327
87490
46936
1336
52370
75388
74982
40009
55594
73651
83403
98122
46998
9530
33219
27846
6857
21690
76858
79943
23073
23635
51800
72790
62344
24098
83029
67336
56063
89772
29528
26390
77262
76464
27726
45985
51852
19060
85994
7446
92711
85749
21920
39709
11631
55140
83908
18488
93182
60766
98431
16255
753
66583
5397
79449
7033
88427
46785
79448
94551
76313
5838
71814
52777
49916
34151
20981
68977
20145
28427
78040
22246
50348
34102
33878
21840
18010
52366
31374
95128
67150
63981
12234
50085
69378
91683
73471
74157
54821
52919
68709
31134
75110
56875
264
25026
91026
21245
10355
27523
66025
88396
49769
32725
22498
99999
70917
56860
68718
2291
68340
52220
82624
80574
2305
52002
72258
92128
42512
43431
45048
27573
74565
20158
84448
91181
61536
91826
28779
71892
35701
11156
60288
1822
43881
99138
1822
31150
72350
86892
49793
40690
39112
32417
21265
57769
771
9875
49898
43283
53306
11298
70856
44223
47808
71656
35405
9344
79834
80536
81236
15535
91692
57876
33710
51925
73366
51884
99427
62068
38776
49220
2759
77888
81637
24024
52009
82408
50251
1907
42044
19909
13205
12900
64132
61013
84557
15889
86710
80743
12777
84298
96279
4469
58527
29989
72746
48245
98225
72173
10314
37001
37745
13073
14889
19382
53449
66898
18143
3700
85158
60187
23609
14715
89439
4093
92081
90348
19983
78791
71092
32760
79441
67371
53582
37968
13712
42680
2566
11937
31206
12880
65290
68951
25953
96531
4686
95754
79781
39181
15806
64939
99368
55767
96007
88807
59860
88088
79156
96195
83231
66600
45308
79024
33971
15242
16993
64035
57922
35911
92324
5480
48791
57614
90784
91096
54145
95470
86850
33926
34651
19008
15218
50371
74775
11225
55530
50987
15665
51038
47183
15248
17638
8843
94272
67961
24085
27617
48348
98359
63528
40672
3840
12319
14638
94624
19767
68783
6446
6617
19062
57449
41977
50632
24172
16752
61857
79702
67740
93874
47093
31275
9122
64731
40118
3394
49045
80555
31012
97393
95266
94540
38066
99106
23212
52704
10082
42979
37840
32880
65949
73254
90329
7926
23886
14501
41031
2095
10556
8771
95969
57649
56398
5091
22380
12868
24837
71425
93423
55849
68819
88689
66742
23237
4148
6306
92293
30582
49285
46485
63463
31586
19739
53792
39513
43625
84646
80544
62072
95202
5667
58041
52851
78417
63132
91583
91285
87970
79361
1060
60171
64532
6101
26913
4121
10249
33219
96414
57184
98857
42900
20647
30443
78991
90791
86308
38969
75437
83204
1041
86991
5223
59083
56194
83640
38567
47778
91277
42889
27139
92337
19413
8023
98439
62678
12144
25040
12250
8558
82224
11107
67810
19223
57902
63154
26367
60563
2123
18156
60119
19516
5148
65343
94951
61342
65335
33519
25472
56613
92760
68963
65302
12173
76986
63741
74852
89130
5134
87102
14041
3710
14561
98203
39286
88815
77709
65653
65730
96184
83809
25850
15701
5309
7545
10652
66652
72880
60523
8476
45845
69636
77440
11148
81809
70778
91241
73013
76261
12727
76467
6654
16438
7380
21209
55724
96196
98919
37729
61926
95103
21538
4128
27156
26848
11673
54161
9852
84554
14684
34680
46751
84320
12120
57899
82482
99251
65493
71847
75512
78220
64667
82166
94658
72047
3375
66734
84595
18646
4463
62874
30102
42354
67002
57258
85554
78676
11419
11758
79582
42456
46438
42685
43128
74911
585
25610
74162
82430
13810
66026
60650
78477
64544
71661
50524
84271
38395
51472
2918
59211
14346
33020
17917
81348
6630
3471
76376
18050
31581
72310
76858
78019
14996
19986
69282
31933
45597
59796
14363
75759
25822
75013
54236
90366
46674
21112
74638
1422
72584
77556
76985
3282
26928
94902
983
49910
14725
77359
67960
46306
66022
44818
24325
81018
81157
9960
29303
43106
69756
43666
18865
95579
35031
73101
85945
98058
10565
76935
15832
83150
70843
92817
86432
97771
87719
87415
47682
2444
81127
31994
65102
63501
93165
89427
60871
74322
15739
90174
17428
85496
50192
52645
97427
85223
25746
83372
99633
36311
76660
15465
35813
47503
24634
38598
61627
12353
42365
25661
31149
39844
57655
96251
3345
67172
2031
64216
57846
34122
54390
91626
19618
20934
44271
17045
22510
86369
16770
22143
39033
93430
53961
91198
57285
78595
29796
18912
7301
88514
44573
38450
28358
18581
51054
48056
2105
69437
12272
76304
3559
83015
67930
39530
20301
28554
56575
42811
31275
89697
64955
86660
99479
18916
77859
56765
13863
24007
92029
21164
12521
36603
75967
57232
71536
43373
21640
73641
12810
50264
66297
32721
49631
50580
72251
69933
95486
45179
12744
26761
34876
94051
13422
50708
29319
7633
7473
43183
47992
99502
64347
76866
52457
40314
34098
40345
39
55738
30339
12849
6002
96636
45571
71986
47216
34174
41919
42702
79353
54663
85816
30582
48715
15590
81290
78034
39575
5115
37569
87567
20969
1917
64433
73427
58583
14883
30124
58623
70621
60463
87824
92976
73452
49747
64962
37020
83922
23233
79723
79627
77896
81891
10209
42963
13833
91499
37350
53408
96614
74919
40975
17584
93188
5409
7363
51772
20292
37487
26747
7266
14303
30923
16594
87755
80671
97908
24775
80945
21141
20850
60572
15389
2741
70782
74705
16574
62281
12055
86334
58896
3326
43662
92832
96515
65423
195
64639
2067
54034
91386
9333
68337
22309
42279
56092
19332
56539
80868
277
77680
1718
60850
9422
20812
31632
84127
53738
10265
12534
40073
85513
15860
83735
78345
28727
49158
94892
93366
51225
48927
1104
76911
17264
39766
35542
73357
59098
92082
70577
75728
86114
72295
36578
95536
9459
84562
96015
63198
94827
8549
3271
80341
40762
3358
75038
69489
68868
69931
62856
20093
35210
80312
13356
52474
20078
48899
42183
95529
57333
12760
71257
43447
1408
7835
38984
10867
8749
51351
74065
3576
59901
93688
269
663
13398
91660
86504
82266
77943
65712
18712
13153
46025
48420
81979
66103
97319
24163
77984
54652
53275
49241
14452
54683
73428
53436
81903
82177
21139
55968
85754
81040
66009
2375
98055
79407
94035
912
78026
88330
66624
96738
1483
12649
45158
99815
95105
58830
40330
73089
29834
93605
38683
44286
64641
12111
14074
46544
94289
35214
2512
96395
32606
84873
15122
47014
64281
25510
47926
58659
13840
14550
71749
31676
27200
33259
31491
38657
92089
71821
28098
38276
65426
66781
98914
46419
78893
12989
92963
89534
64555
11828
2281
97161
96701
17403
44175
77334
42913
92101
35993
56754
6652
7742
4782
50204
41002
36273
5213
49443
24446
33311
87719
6224
93
86634
52644
95338
15975
45607
84872
96882
57435
87153
94043
54137
20908
54571
31471
63822
63024
67465
36928
86028
91559
41710
52584
32561
94335
57797
82005
18781
91109
86076
25005
7554
89062
77649
19244
5037
23257
20468
1919
97044
23973
12315
67533
44881
83238
99005
25055
46262
82822
61983
48643
74381
20045
1227
23295
14380
59025
21652
33161
66486
7728
74519
90392
96791
52168
9636
18180
91777
30104
36452
5174
54077
48767
72707
15310
48357
71712
40366
94619
70886
2349
43262
61620
38747
60842
84915
53127
36219
6567
2641
2705
30647
77160
9449
27438
45680
19085
61971
53810
65541
98423
58984
35970
63542
31691
51280
11899
19756
7998
22870
6994
26700
82485
68614
65447
43327
69881
18574
79546
92800
37567
98603
23448
31079
8052
67238
76760
43489
45561
30570
25382
43984
5906
61352
23878
53949
28984
35777
73705
36983
75000
97052
80035
57485
65666
45482
812
51900
80408
96710
44700
17976
95313
84500
65407
19717
68091
42167
63206
13652
89089
4940
73989
94995
66292
97867
65297
11628
49997
55354
64963
24997
52406
44998
82482
18073
90480
99646
86325
87241
12708
47377
21569
24373
31878
86976
44090
16321
45496
23648
46325
34585
28588
36666
45933
11232
34534
11230
22860
883
66584
4176
25880
18991
49174
24714
53416
56007
24360
39741
59600
37068
3470
81169
61441
51700
68145
21883
68021
13641
61883
30699
64579
90471
67365
26864
1703
18251
38094
40915
19134
21030
61443
61366
56373
10618
86080
26141
82977
26792
82234
42577
80212
85705
40098
58005
37405
24595
96240
21779
54589
58123
52478
35520
48594
36195
62384
66649
70799
478
23917
6285
37860
85360
67652
94234
12330
70084
36727
11659
13229
18962
70588
93441
4667
10686
67799
58424
51634
64039
80203
22575
22163
49033
58095
87109
85229
20479
53759
72380
37309
94028
78665
75169
79388
62669
85755
8071
49106
22483
19730
62335
57797
90319
55776
62464
17357
39927
20888
85343
3967
17444
7918
26130
66477
66013
13239
68058
86492
83350
40438
40153
77378
19104
31675
73119
98125
17430
81190
47231
56265
17272
9566
30414
23943
81695
92878
41301
21622
30119
42996
41941
47563
50915
68071
30392
33280
97663
98451
19773
97365
38889
59926
74744
74345
91601
64215
72471
25384
45405
19702
98001
79029
45621
28416
2973
27316
37646
60626
65290
84117
3622
7232
31680
70889
91655
78425
4170
5670
76876
40295
3036
32117
221
94132
6463
8175
58347
95286
49911
20104
31340
64264
15485
76961
9032
18458
20629
46679
79084
85920
30796
99059
9504
78829
69948
17511
57254
74118
23182
50482
14413
42570
82599
30987
36702
5414
55514
11401
700
21777
47857
32041
2393
63342
25354
11426
81801
45984
58105
77237
48256
5253
92648
74112
434
62597
91623
74040
53067
14805
40874
83833
57375
23474
31172
10429
45240
3038
21830
45941
24815
86039
94334
43560
49382
19688
54986
47535
82024
29443
41124
46632
51049
33773
20744
51483
12722
12368
41876
82141
43525
82750
65974
901
22576
13498
27682
67817
16536
65865
30110
57703
51904
24444
1264
17638
60484
56250
65173
42509
2046
22650
5493
53095
72775
26238
20930
85497
54958
62806
83990
98483
61909
66317
15736
837
79815
43419
68654
12704
9284
15116
70407
77540
39560
88023
95179
16397
60626
76704
75258
62672
99354
80751
15767
72129
6989
36697
73978
78299
15856
57969
76783
94117
40638
8871
94954
20453
52290
79961
33157
77926
95077
19917
71819
50990
7940
66998
67387
68566
60054
42645
31238
59409
39748
63357
47890
63090
16407
38221
41389
32263
12542
34524
42732
53180
43396
54038
89985
12038
50351
23143
6317
45429
59412
78136
12771
67352
61486
96510
35919
21540
39155
83509
97301
95255
46867
61544
58345
63274
99765
99735
11889
28659
34259
54621
98191
77655
25011
88176
6046
75363
27671
12363
37144
87083
90499
49915
70788
51985
46425
23059
73525
1932
6568
87179
97187
69787
48723
55533
49413
48488
71620
61302
93499
5879
32275
91690
99887
57287
96218
5933
32650
40242
34648
69794
27325
25147
36061
14465
93484
98838
37524
83361
17122
60445
70540
30661
30232
19263
2546
95998
84103
74166
57300
93954
96398
5928
1996
96285
79567
98215
18570
28569
38457
53218
14715
82134
94717
50776
12952
4553
65966
50476
4266
83088
27273
74807
13749
57506
10422
16296
53504
10878
6814
27156
21184
3212
49436
23181
15849
29003
37748
34419
57572
76205
3989
88639
74691
15058
39415
87643
35963
21733
54472
40230
4821
81745
31389
34923
55603
58163
67571
25459
69041
74385
52616
90226
77598
18404
29759
93447
47408
67507
44219
21332
60064
64560
9972
34755
79619
65739
38751
15582
3825
9575
55812
8646
91320
3553
59921
46924
61717
27492
88735
30758
1878
41351
37336
95828
76108
83447
89275
39868
50954
49846
61200
11018
14407
87524
62126
94026
69616
17229
25960
73441
26804
98125
98439
34476
1678
74713
97752
63395
2205
86488
10506
20435
44191
64194
16263
20299
47642
21891
60167
14948
88089
37720
42319
2496
41596
20797
12874
27564
54378
38835
17357
81182
53312
15797
32010
54990
6862
29763
34738
9067
16251
45244
45855
76794
25790
78470
97094
73432
16713
73613
4733
4803
27685
47052
23651
69282
84201
36526
96846
38579
91713
14204
36113
61377
46353
68123
16367
53215
14238
51105
78634
46841
12701
40841
23636
38492
19312
37082
28276
52377
10695
33009
73532
54733
96413
97184
24015
96966
50062
37213
35545
58127
51417
71658
19504
14122
56134
35871
67337
70372
3329
62324
33566
32382
3165
57202
70874
38829
10636
15503
91207
37683
48512
64739
92416
61278
78275
16431
58244
28337
53645
10142
86464
21414
98152
5968
35537
70638
58192
19226
57363
77873
81550
90929
10255
84716
64483
81130
23545
75119
96633
31104
12802
61497
12196
5219
39127
90471
38002
13724
18809
7999
23866
21625
29414
38370
27594
81303
9009
2138
529
66372
80011
82080
57301
90266
83148
38136
71396
6693
13255
84381
54150
42409
62231
66346
47628
1358
56817
1983
15082
75626
9982
55300
97252
55748
93671
41198
37051
2680
43336
37581
85404
23347
36013
59057
29965
19161
97193
17714
42206
10448
2095
96356
52857
64326
62702
16838
82037
19520
35173
97119
11498
61507
68772
25102
17256
62443
82652
70659
81475
42340
24592
66879
82039
60605
25936
12005
79766
39481
29719
21973
49929
48166
34681
19138
28845
97384
52328
10882
33256
87501
24353
61106
49009
93125
2561
82617
55568
85213
53276
53395
43906
77869
20274
25945
54826
62562
37950
34593
2043
67669
72918
68324
32188
23951
3815
61033
37687
56143
71915
70943
59997
96268
48402
25358
89394
67315
7975
61314
68880
77603
31062
12786
71824
51336
38732
26651
30251
76682
77596
48646
60704
66866
16971
9244
90817
37138
70277
28505
9633
42192
15800
69630
54812
64202
94988
60558
31517
19315
38225
398
96919
69287
29536
68743
36975
68268
11746
67226
61303
89342
32225
38359
56208
65548
47603
47026
2686
17880
75531
12319
76424
91331
81950
31236
71886
93290
91795
19755
28958
30020
36505
25877
99307
66042
10972
36282
34310
22719
19861
11965
12061
52086
50324
84622
17634
97927
31648
36672
32159
23531
48991
8583
14862
47293
39820
3100
56936
47967
39208
85894
77987
75713
11771
93646
41755
39095
46280
92418
78166
82493
4383
6580
34579
54708
91202
68565
68987
22850
5237
1147
46381
70581
9730
77595
17874
65902
97048
74810
13869
36256
60704
8208
11969
88827
1854
70077
44275
48135
62495
22441
30628
83230
29021
81560
54290
20223
66477
39630
59425
88067
40777
22158
58648
66859
16106
92874
32762
13154
84037
62983
49410
61093
71192
77731
49921
73046
64160
10548
37533
26655
49341
84514
26238
78363
82426
96880
14938
48903
36510
90716
36970
77287
12874
11970
60499
28980
4845
9613
58486
88882
72596
7896
49975
60140
1980
16248
49539
66140
26796
87072
9148
76138
87938
51738
70853
70364
48618
2143
19268
85129
9211
72590
78768
22086
84561
39267
67418
89406
65232
25905
94640
54181
50153
44615
14321
68485
60864
63860
34626
4012
67285
60126
96502
71575
11864
83707
41940
60482
2203
77560
45611
11414
50150
24380
49852
34711
79999
17271
40469
61584
59528
35109
15765
26033
79725
46438
94519
56941
26651
45497
77305
10288
5623
73808
81863
17487
73867
23803
77969
76070
17715
39933
87485
67866
80665
37337
18929
77016
70960
59399
38600
30488
94508
70717
72874
90585
33508
67393
63878
76511
12890
41184
86799
18513
31344
85014
52352
21563
8818
46673
97634
26533
86606
1471
10751
67271
55160
29681
44288
26121
5432
99240
72961
16292
86310
62187
6878
19818
29580
87108
96329
58822
44644
99480
93687
92340
84494
46039
13904
9664
92713
27890
52550
79319
45713
63301
62943
873
92982
23583
43346
14766
22823
32660
31059
25485
94847
37937
45303
40780
41397
57984
99602
86042
73816
93290
78382
58311
39329
8638
67975
32042
36528
20525
27714
82241
179
90657
99467
9513
30592
59165
24280
69767
91825
55339
95253
3025
9628
56908
43805
51025
14893
43407
37067
88709
36697
31802
63372
92379
40440
31348
40773
93321
68225
68487
91914
68404
75496
91381
94270
22440
50547
18550
92208
58724
73889
87461
61749
83517
44369
5554
50894
75614
65314
87962
80676
2011
36116
60400
10742
92908
8100
51516
86229
76326
36355
78144
61082
28204
69525
55352
50644
36424
90254
42852
95149
64143
46665
56898
64012
7387
78805
14907
83001
44119
19221
80029
62482
55337
40430
73225
48245
48530
41093
50827
41208
77448
28971
18643
22004
14848
73995
72649
67625
80602
31853
62774
44745
78519
36024
8758
85906
31181
23665
85259
75300
42886
81641
54135
14575
38423
43712
62820
86953
84805
29999
44514
78605
75322
63157
610
6523
53504
73259
74148
34106
21464
53274
95204
99983
5650
3962
2241
36832
43979
3853
28484
3217
85494
82619
17792
23917
26331
96964
27222
11136
26964
71736
6094
2286
51245
6704
8809
4750
96315
99309
55208
17779
52583
50412
34115
58234
70726
36356
95066
14705
40209
23550
17922
42055
6170
35714
65972
48853
32679
9547
76342
75995
97635
82436
78281
48881
89140
3443
69983
1807
2752
41543
19586
55336
91956
70053
29922
62682
6410
24988
93740
62971
64890
11662
5027
87412
63729
87351
36266
12760
96898
12608
88755
10886
11396
83388
59767
536
3183
46102
18695
5936
87645
54633
77624
95953
24687
7546
58636
47449
48886
68728
10420
13776
96742
31799
17541
60471
35503
70159
89583
48753
82767
78338
59639
10515
78079
35758
11051
81262
81860
46098
87198
85858
731
81174
81811
25418
88720
56799
72867
37606
25527
99640
67735
22270
47791
1628
82741
83294
71787
72325
48400
70906
67015
8039
81421
45094
43798
8824
42709
42010
54922
29907
27868
55653
27434
9680
97424
16154
66479
86643
70113
8359
2635
54200
30629
50427
55828
29722
50073
27615
18399
98473
98521
85415
22865
79942
46861
83015
5118
89570
25025
60040
35830
69246
32045
63264
95278
29469
95770
78109
16113
82235
86468
18748
36435
17097
85527
92263
46820
35601
36230
81571
50426
51103
66986
73291
47397
30200
56306
52515
36122
97684
12555
88304
66930
44601
67920
62208
90422
63691
40317
6535
62278
26786
41636
98714
60235
27163
7329
23407
79116
59912
4979
29543
11015
88317
2834
58413
34869
75493
27280
70992
73177
56188
75648
40107
789
43569
18667
7563
23612
58984
14099
85890
2122
72087
84604
78710
15602
8286
2117
94719
68198
7096
24262
95565
11766
43448
70330
46635
18941
97611
17627
92118
53799
9628
48577
70940
53197
67244
78503
76809
42581
8954
79051
61055
81041
80008
39765
12996
88294
41883
7715
72844
65331
48329
68409
77097
91777
38740
40085
27071
36351
74064
35541
6502
83692
84119
77442
36889
67715
72297
30050
26648
81252
9102
87704
78645
89110
27469
91641
93756
85704
15708
66600
67388
64037
51361
60837
55815
90101
922
99238
42804
74987
34779
49306
58679
18898
43100
11921
2966
31750
41971
29614
13002
67425
17318
7999
72887
61140
15993
82995
63196
48053
65947
30584
12091
17309
91422
84258
23762
8696
83496
66567
83683
18275
32225
58715
53526
91678
70636
56492
23428
28959
2458
52782
12737
19777
77133
85624
97269
93126
84972
60465
41180
50919
91050
69623
68228
98824
53881
91991
7520
53729
74910
7556
88356
23487
66271
58234
15165
53259
14726
38593
98570
33537
7727
11307
53314
84861
13284
50583
94339
14608
27400
51871
65527
18450
21494
33756
33626
91727
42099
57499
45456
17009
65055
50165
40496
47678
8399
72014
17289
39478
26959
32211
73015
34687
59871
26329
19548
89507
93264
30239
4115
20664
82111
69642
55467
19957
19750
5445
11685
61849
62944
73493
95210
44351
23658
52059
8381
32058
24073
25670
71536
67384
57882
44551
2071
34105
87232
37971
23612
96848
68211
27727
33864
66674
97369
89331
86631
33472
94777
14668
95321
74073
4514
90532
18425
44524
58943
26806
76582
83016
68829
64470
50400
43063
25373
68824
77168
28957
6795
780
25805
91358
44859
76022
74384
58580
65353
61016
92052
76482
92036
87374
50556
96550
94258
85333
41075
53201
28491
34009
52569
97320
14832
19321
40383
56557
4497
33903
1867
27645
51035
44024
19003
95894
20046
93388
54475
1752
70756
46527
78234
79144
50253
45142
75695
60863
46827
33122
30416
75319
83483
82985
88991
98315
18659
45727
71225
23156
79630
73092
67153
30666
17116
2509
26560
53515
95897
97387
55267
83005
43915
49853
62149
10520
94996
54196
71384
58175
3670
1800
33494
87154
1138
22486
1821
19797
84565
73046
59305
64195
62490
26459
11213
95959
45320
37774
49474
57569
35161
21093
40574
95428
70946
19075
5949
65942
89624
93685
24118
93294
95485
73964
80448
96623
12802
82270
32772
97367
71668
8430
77915
50511
51241
89128
46470
96561
43254
12296
54130
94768
33389
11056
90196
4335
30131
12497
86630
19755
6182
27100
13050
18020
17416
9850
14643
30219
92120
63768
43938
80141
72198
21853
30652
23439
10982
93474
36352
54236
5770
90482
49004
55511
1538
55553
59846
48021
84402
62828
67777
6937
6280
97179
24957
23697
7029
55952
70268
15502
19720
14206
95643
8270
36060
42647
48061
63394
36121
84413
33982
58243
74895
82987
13754
92785
54892
89952
40807
39294
52781
24936
46231
75413
22115
87540
99110
45496
43493
69378
60998
79565
99937
72993
87836
52349
15640
52249
15743
51761
36663
66077
10004
27910
49064
40110
20696
20308
30063
77855
75955
99196
2791
22186
74609
41258
26079
90072
86754
69572
75802
47753
65489
75739
20746
69677
28088
52739
21927
60183
20852
74942
26261
47209
2852
91677
87319
39900
11986
17382
17755
4293
32930
36898
42831
23892
78156
68910
13964
64911
54834
89766
12664
20324
65506
49762
90001
9946
18853
28280
70130
39706
3222
12743
86915
22427
4420
74234
78679
32758
7969
96435
37051
57251
49685
79883
81143
27842
48793
95107
92753
3628
84874
21769
40304
66732
87883
46657
93030
6737
74938
63160
46443
94512
92255
49710
33291
96676
23944
11971
29434
48265
24758
66486
5517
74443
62721
86660
2285
11514
98120
11390
31494
99346
33159
71798
66078
37395
18456
75460
44132
9746
38621
6927
20610
47228
56637
53902
43904
96933
82225
89691
61551
6983
72529
67068
97778
35250
70080
64
46764
68200
27806
94611
67546
77318
66409
49976
14713
1217
25437
75197
10963
80410
98476
47926
27638
71465
1828
87895
84750
84053
77586
46301
7388
50115
29721
5166
85365
99802
21582
48481
84354
49389
43092
68253
26707
25854
18229
57772
27071
60018
49321
54387
40428
47797
2313
84419
19262
20493
72314
4012
20898
49900
66666
28286
16367
96387
33452
1732
12541
71387
66565
96896
20776
26010
81501
63835
51864
99730
37959
95287
76101
87280
49674
32881
35077
68339
17300
54339
88832
5966
74703
9730
72218
41369
54368
88585
54109
87821
6669
66650
75560
73235
79898
96336
15597
61399
76523
83813
77482
14482
79100
53583
1762
45127
86464
36839
13466
20117
7530
18651
26083
98585
44733
98302
56307
99102
3239
10416
3275
9909
77066
78835
99496
56965
91523
15093
34716
68046
98906
12198
98880
78006
82133
642
39485
84950
53833
69304
21419
77715
4307
63854
76300
49040
62156
32607
48142
65396
59375
67769
91657
36442
46604
91153
9759
54479
6246
44475
38877
21504
73026
37757
15862
71511
54751
55348
72813
8584
41004
94232
86299
45311
58087
78952
94351
36595
27911
58846
18343
87287
26615
10000
40081
89572
1153
49840
44051
23751
10667
99281
61607
45
37038
77470
71557
91790
49170
44370
16726
90174
54955
19378
35485
13042
98330
29836
49637
42593
5034
67981
46232
31650
94333
86313
37574
95487
52505
97977
35590
79525
97258
97198
79570
34297
91020
67479
42439
40190
28202
59165
30364
83157
78543
82201
12551
93225
12037
78540
52171
33424
46521
98403
81426
57207
1069
19000
52694
53574
16977
4636
33099
30588
18186
29022
81237
9206
12853
23676
49396
41055
99193
96112
40564
77737
78313
53115
87314
6703
31656
39485
40127
94529
37889
21553
51736
38958
56905
20782
8884
90234
25419
58336
20822
59957
87358
18411
69164
211
42087
34912
57619
57633
47377
98183
35370
25690
67651
39036
48745
99307
78522
88872
10188
32763
26777
61925
71721
34
99059
80605
90269
40830
38941
27443
788
42651
45855
86304
59215
4294
21216
16834
61927
68593
31369
13649
10636
15372
52686
59381
31031
31208
48254
41220
63971
91383
19497
52044
91418
18556
49001
98039
59387
4295
25482
60175
46946
87689
46479
22513
91984
84047
55699
70263
52641
87069
83913
63277
2441
36599
39010
33473
84159
3616
91045
64482
95000
10542
16526
2770
29098
65527
809
88485
69822
42643
65012
33121
46685
27843
55634
38669
11891
11334
25284
80884
14755
9197
60513
33548
62148
99523
83373
62659
3140
74418
27141
14492
84960
60019
33614
30411
41899
50775
35248
28073
93418
16613
61194
40103
44456
33181
95124
56347
60867
36761
53583
75622
62310
14096
9170
24459
29972
8896
3470
49464
83314
30612
63956
84627
6983
97570
31390
48882
48345
66638
76956
58115
83251
54502
14571
44060
4035
26047
16759
64902
62808
70343
56876
25119
791
82399
65930
30763
91295
69400
80227
74609
16364
44183
75588
39700
58105
6978
88582
22802
89969
81890
80918
73220
52745
11841
17280
56780
37888
34040
21683
17049
20735
78559
42168
21526
60958
24450
52290
68605
93850
48869
43215
26567
93053
35155
66267
67510
42134
71201
90313
32103
53092
87583
21675
5837
99424
55308
78969
53664
5700
17004
70713
26435
11916
29233
47961
72874
53683
16603
57832
63886
65473
17399
6805
74878
52554
73072
42388
11040
60625
49053
59495
13717
52988
81171
35906
68764
52831
31228
22429
58531
48232
9494
84966
60148
38728
49279
49375
92411
65883
7207
72649
47708
24606
79454
22586
77160
68878
81326
4553
29504
46732
64048
59573
99720
45219
95480
68485
98050
26708
7266
72933
91292
16760
57899
51441
71840
23531
17168
64252
5766
24375
53253
53474
65333
32708
76060
42493
17938
57386
47046
47442
4118
27447
7016
20191
72666
18848
5028
87069
61908
12294
60002
53200
45406
34254
20993
17247
74137
38161
97851
79903
62536
51104
33377
27869
164
25789
86715
18103
83175
50113
81897
3646
77560
88913
40189
66579
24113
45217
70000
86021
57511
46354
55574
19269
96960
76567
36516
71097
14729
34367
51000
93617
1824
729
37839
1988
26518
24554
36443
26046
91019
18341
46044
68580
23606
86233
51511
47720
31450
21511
33741
5313
67865
89315
24582
64826
65883
61099
35923
96964
11818
3276
90581
13642
20357
28420
31983
46876
69326
68426
89274
60346
86767
35318
45278
26726
21551
13141
74446
69353
34652
8187
74666
18869
13855
99248
83695
96090
76699
35971
93054
4870
55599
99987
18512
75956
44760
66847
39184
30438
35274
28458
7136
38393
63776
68766
65119
85327
81907
55917
54680
32911
64105
45698
51781
94312
61299
51828
90402
54350
87799
99808
59220
59750
16147
94085
35707
60907
60932
74891
91346
12558
3350
98482
67304
83478
67249
48775
85158
65508
4693
39838
98420
85150
1889
50201
79462
63188
2029
86216
17538
6181
86024
93111
82283
18523
87196
17990
79431
64480
9234
87129
77039
28936
1963
60695
12414
85564
9470
97572
51073
14163
53763
49493
99313
72004
16046
78775
35192
34427
81343
69082
40608
83719
78545
22892
2243
82093
57234
81674
46574
82820
85155
39965
11756
87118
660
40523
72683
26482
38095
23756
40646
8210
89601
56311
80214
5647
51439
31758
40074
32782
841
97035
16502
95738
19927
18745
77832
93513
16771
24406
76334
1926
80723
88090
5396
97735
28613
78079
24217
83061
18187
64863
91271
7788
21175
87838
29787
72614
19596
69862
21748
36789
66897
38250
32528
3176
73347
26712
96689
90118
67470
89375
8396
48193
93818
13793
62280
38783
8224
86497
21844
42764
67713
29468
66904
5240
17306
96692
94206
53254
66554
15954
90044
49803
70557
38924
52979
43904
65636
66020
34023
33106
55396
58771
97651
49214
72564
59931
87997
97141
62780
26194
39905
30493
55662
6809
35733
89320
3501
46291
58926
86407
62246
65322
36210
32803
4246
89189
93059
86234
71562
27082
35692
26958
2206
49695
92524
74770
9626
80521
88263
72407
6715
44520
19252
78729
67682
71338
84401
71183
17629
43328
73943
96227
8650
26505
29030
29249
32047
22090
31835
3609
65524
67528
30567
67730
17223
23091
58853
43202
19964
63468
31961
43032
7989
67565
21761
75671
38903
6163
63206
56533
65843
53501
52760
74493
80007
98143
3742
12054
36585
51930
15663
18461
19458
62582
2544
53033
85673
77749
12587
21989
41217
60900
65021
49206
28466
86783
41229
83721
9298
4436
56606
75141
57937
25719
65986
54296
23862
86081
66350
76799
38011
82013
11612
73821
60947
14156
26854
46620
91905
55794
84962
33123
16694
49983
98681
61512
53118
39911
45234
78768
60699
18192
53909
34988
43911
19896
5637
84125
22329
71987
60924
60340
70353
72537
34161
31300
3045
77367
94273
94951
33161
79235
44426
66208
45570
59459
44072
98689
15722
89306
77457
92773
7499
47719
27762
67762
83967
33399
51888
6296
21738
12812
66636
92091
1701
17149
23392
4747
94516
34017
16050
27678
13252
60476
10238
58822
36287
54310
73863
52010
59969
51321
44783
83820
15392
88897
51582
99359
22296
3470
5655
60387
16283
88643
52478
34336
5792
92222
55435
308
26239
71485
44338
55843
48313
54576
31018
84601
25239
4881
36611
85208
72554
97746
69028
87946
86644
20610
87305
25292
24081
9312
85679
56716
97955
54510
7404
3747
63084
62840
20408
5676
50677
64746
61519
15343
35675
92537
16296
60914
13771
69259
46122
86325
67005
15150
74272
53649
52112
77929
78942
92545
87242
80973
49261
85197
35483
73018
5297
98568
35858
25705
4244
2887
90451
82115
18230
26126
91005
34526
3392
4776
20137
49514
7453
87143
81016
81725
40792
49481
76007
36086
42026
63249
17060
7640
48446
68895
80658
53743
67463
32868
95800
88059
35755
86252
86527
70338
28730
77532
21216
48475
98660
41354
14341
6113
28497
95358
4191
85641
61191
80198
21728
3217
43447
55140
27209
8245
24035
24219
78341
7851
57087
74141
12262
9195
76745
98789
79533
21828
92673
17101
70303
7685
58455
84644
13799
3304
96354
34342
88946
57545
14540
27026
77115
74339
82166
4324
82584
6201
28544
77277
14052
1983
51419
26315
11178
44516
41456
7063
66344
50482
24165
36647
58167
98972
21292
71966
2277
33998
6308
91223
91544
37200
34601
68659
11539
16767
89335
10476
39320
34231
4105
69725
52567
71876
12392
80097
16393
53848
87161
82737
4330
27678
35737
62498
43002
73381
50816
45279
7379
73477
52854
98923
27029
87455
83934
54921
4222
89622
65397
59895
23853
85854
29620
92772
57731
42012
72870
74124
12212
60031
73213
16543
4061
8950
95393
47063
98683
62561
8695
6063
52390
61549
21338
79420
65357
21625
34341
85931
11247
16090
45826
51452
1944
75446
44225
59675
33810
17095
50151
46023
93478
39717
78918
13891
65019
74311
77306
63703
53224
86001
86118
5615
63903
7456
1387
29260
29081
35728
15191
56680
68170
61018
8133
86466
52816
68710
62494
86627
85805
12645
32650
95635
68714
11568
9526
33734
2231
86832
97437
55455
89186
83555
77422
53089
7363
95161
82349
36445
47241
97540
9477
15411
74910
17610
1878
27727
86320
80724
30706
88477
93369
63356
464
62084
91276
26342
12170
93507
13175
9607
65314
18713
9514
59089
71802
16877
54250
54151
69674
1492
68043
79152
33255
59306
13114
51485
87033
15787
32209
34091
20616
25579
97447
21081
4015
5075
47423
16185
14934
76950
42144
80248
95663
68010
55689
83817
1239
26292
54320
70914
27784
22364
66418
77391
98022
95884
28877
1407
28023
61086
35498
48640
3017
49297
86073
23384
54372
49848
39569
69306
26799
98065
65906
38814
82427
21596
38984
83667
47888
93304
70933
92024
32020
37351
69415
30042
49587
98292
31449
77611
75731
66947
42603
78748
16244
28676
2133
86968
78524
58054
56274
21675
72472
22181
76842
54899
60129
15826
38566
24369
9130
9499
16393
57503
63202
2160
87545
12790
16805
35347
90401
92536
18646
33004
71284
51243
78032
89769
38211
56556
47824
10838
78232
20296
49371
55074
75195
9500
87252
13762
33869
12734
39613
66614
70237
2816
85126
74135
15606
1931
9482
22359
10819
44480
71715
98456
12075
49747
88225
50287
6303
52401
77477
887
72697
26848
72313
64245
36348
59565
94359
86569
72300
33972
53183
42537
36788
38309
33024
68746
56593
58858
91105
67412
3339
62820
65868
15414
12567
70446
82053
35223
22847
59530
52462
11897
2730
24776
76142
39078
693
86853
41999
72993
20825
11534
31883
73966
49844
64907
42712
22789
40118
33818
6553
43457
96638
72422
75223
25558
59220
73629
60781
82067
49511
29595
10316
52242
54371
86458
7672
55065
89663
49672
44410
10489
61206
92645
84455
27402
73905
43519
66543
14023
77337
73097
73832
90328
61871
49055
15886
21091
39036
93019
19510
88548
22614
29827
57142
93338
32637
81166
64755
22301
30838
9165
49142
8397
1811
49949
52151
75716
93468
18695
89739
70806
8144
63571
77486
70015
28978
9724
91106
68015
19095
26968
72915
41709
56795
30057
51399
5785
11223
16154
28086
58414
25320
77228
83163
43483
43529
51666
19199
36997
86713
25290
7803
94857
88861
1641
64872
34191
11365
55978
18558
30460
82947
91473
88522
56094
37882
39921
61879
65458
56076
6317
40224
97748
99897
39739
41231
43426
91405
76782
80424
78119
2072
4579
72976
7285
6221
37849
41476
17586
10179
76387
48047
9478
67860
52921
81925
22095
92842
43804
3905
65270
66474
44129
79370
66371
83868
20601
9798
75273
13735
6574
69744
15807
27505
42721
39444
33726
96922
97273
67665
23453
73660
32064
49284
57872
84985
31209
79967
94179
91365
224
59450
57839
44353
38820
40563
44573
75774
66713
19847
89509
89639
5943
21669
17144
65016
77465
50871
61938
74738
34888
1744
48398
83304
51028
22623
68289
98589
18942
62468
89954
19167
38270
64146
63520
93443
21061
8094
85569
87774
44293
91430
77413
50236
13099
10909
15253
90565
61780
93543
81655
13020
95287
46406
96324
62667
69029
80965
61256
4323
59786
67563
23490
98056
48061
3363
7851
85474
27809
93420
89600
72102
84851
83365
38690
14302
94274
70295
21219
72407
80191
2875
85427
91830
49281
98104
54498
34662
79069
32106
38985
38855
16021
78828
36912
80434
82191
61115
65908
10000
54536
55508
98454
39387
38873
37144
53689
33148
23792
74909
21907
3983
94136
7334
95813
59769
5438
66663
94431
84508
15122
49768
23363
31143
28596
76627
11578
10787
37743
93838
37139
8631
65699
35593
48018
4572
89090
18059
54072
12882
92968
75979
16865
87104
99666
29030
46873
21456
95694
57656
5964
10816
23777
45680
58311
52373
38659
86241
79513
92754
80080
16652
1385
45779
52246
65755
66703
57688
83815
37128
70570
93135
29459
3787
96592
45477
32817
59817
66934
28511
33826
89250
55679
57603
34930
13991
9976
89942
232
5841
99048
96664
22494
16786
58795
91092
82541
25499
48780
82708
78979
35702
92196
24790
39489
88788
70268
72306
48605
37202
17170
98783
26452
89201
56386
77735
3192
66363
84029
19777
88556
83077
32793
27402
99863
91589
34846
98757
33440
99978
97817
12419
35680
90013
37209
75169
78801
23829
63828
43759
61031
80998
42542
3836
86551
15281
81571
89744
81644
65600
25873
86552
48677
58666
13955
64893
50255
48801
80002
83695
48780
77819
12466
84460
67833
66028
75982
62986
89857
39810
23097
67241
37160
81992
71077
23711
97273
52648
29807
95269
34600
72032
81821
83277
30699
95776
64522
97306
60930
44524
97354
9710
38696
26172
10522
6529
92200
2856
85867
98410
42666
8965
65651
96178
7309
36728
36242
4582
5728
82401
16203
40328
54434
98024
39957
1485
10153
4480
15143
87435
65356
28849
97145
4052
55022
24019
26933
63574
26876
12801
78336
85894
38118
60339
98425
45427
97067
34667
66361
19147
33420
82564
75827
4206
96940
15785
22043
23445
36617
37187
10880
18325
82388
24377
22378
37410
48397
49311
17337
75273
78464
95673
77519
32934
56013
75944
94713
69432
26963
61074
4932
60384
59990
80759
80942
73283
12896
2986
96728
49513
56525
7609
67839
38913
31986
6569
92676
96735
55880
26365
88360
50697
38390
65880
83631
10755
58176
78345
80188
85140
55771
1472
61876
32114
82231
42818
5397
95128
62156
2125
60993
18681
26086
45184
73947
74425
51753
82975
71160
23986
9340
75873
74683
47730
58105
74666
58486
16281
69363
55026
17773
25135
56498
79649
57249
55081
38820
78998
66561
976
81123
43907
36010
23562
89091
9957
97987
40845
92932
85499
64831
18624
77724
55866
66354
35829
30532
41192
68463
16248
96218
86236
41383
69068
65886
14984
40502
21058
10334
7063
22034
7809
67322
74396
31371
56414
705
45710
97259
9989
47562
78442
28613
25286
50660
94968
77468
81192
36160
45931
13792
48731
48519
55175
17799
30757
86511
74653
51815
96845
81717
90202
4655
65391
64598
52378
21805
65304
98089
35416
75293
62003
30210
20259
3641
80870
15227
81109
78415
67739
43392
92207
32822
91912
63735
66974
22669
66598
41627
90837
63444
39696
81039
84451
5088
45637
53181
26893
27293
67622
78662
18939
29625
8872
39198
33267
89743
70777
30728
68158
38516
74121
76717
87691
82385
40452
54665
21406
7051
96292
12243
86847
35989
93282
87650
41077
55272
40831
84322
82565
8454
62984
1504
54431
71857
57054
4050
61600
27831
34779
46110
66348
25252
22827
70391
23989
79632
25056
45395
86683
21348
57639
73530
73689
67273
61180
31118
22545
18363
15441
21463
43169
78425
39319
97601
66634
96374
1651
44586
24205
52782
90696
6905
94386
29876
77296
18375
9508
18704
63771
12543
40053
37762
86073
30094
5035
63605
61213
43933
98320
76654
65396
41490
71431
21067
55443
38066
17441
73446
82652
57999
26229
73349
64904
20615
19577
58553
55343
45437
77257
19114
57980
33662
56876
60405
63757
78263
40362
41322
22196
38682
17976
87592
96524
89407
8660
51967
27473
42453
25414
26478
452
67995
99827
81709
4962
35756
40262
60305
81193
33871
95771
39173
67534
52647
15930
47643
30911
56292
88965
69459
11326
23293
57052
7851
29052
82064
76170
72878
24517
17936
99356
41322
85931
15535
23031
7246
51291
79645
67551
48836
29868
63323
4361
13754
32322
20291
61397
79585
92935
66714
49045
4261
90007
22449
28464
35412
20865
4635
8290
61734
22571
7646
3056
24855
23181
42439
32101
74472
38436
16004
23308
68305
95679
44021
82059
28002
64312
59809
23939
57247
26523
89336
77860
32883
11785
6325
68295
32650
10960
76585
94385
33531
583
13793
74738
23764
56233
6839
14588
94669
22844
37896
62974
18523
98269
61386
62877
62581
37547
3169
36180
64070
92505
14040
13305
4291
20365
97952
36941
47677
90889
47678
97561
91472
61472
72299
31588
17705
79139
46176
28726
18335
424
8053
53210
98693
85791
16088
61274
23338
19257
13806
3760
11762
27847
17066
32405
64564
31370
85699
12242
38612
33377
26155
46436
94849
98454
78025
28906
93945
40553
73985
12280
40978
82038
65491
39671
67829
97931
17298
91167
17188
47456
94927
45302
91655
28345
77708
56220
76068
63407
84814
31032
13136
10969
77468
24338
25775
71845
69596
19721
12399
43581
48353
69729
41971
13844
25752
9800
11775
59402
17319
45315
6859
28599
6970
98514
73296
84678
71086
49364
64437
72252
80396
77573
99573
74217
1911
25349
62414
71508
61422
91165
31441
9775
60894
73413
39972
86647
99565
68099
62401
16885
13415
69260
45484
20385
84127
35132
21415
71565
84497
2204
43818
81245
79777
43391
55462
98041
85092
17877
85901
46514
9042
17342
72642
86289
90755
12614
89288
90321
80713
51689
23558
10480
37302
85394
47217
37781
20526
84984
9346
5023
87188
53164
2621
66966
96556
58083
81359
81648
92312
67260
44515
17707
84602
17157
20348
91710
46123
9636
98383
26836
77677
21941
53669
14979
7335
886
52760
44213
85871
78459
49237
73059
31623
68210
56377
44531
42645
37736
42532
34958
4996
87047
69017
5951
20556
5717
14013
66679
15353
12396
9867
93030
34337
63536
24362
58024
80775
93474
2237
66646
71933
67826
56057
19909
36036
28787
64440
78682
66523
6972
29992
87872
10371
15361
10175
47279
21078
24188
13958
52783
52936
40178
62165
3625
3714
2879
61649
84489
96354
80238
67487
84639
64417
39897
4548
16805
68684
85341
11839
51559
8665
41831
55783
19037
73544
65958
82668
10974
6498
96627
63757
59434
36805
25923
63059
56871
45154
41060
57713
41508
21299
41552
42500
2068
97801
63400
18873
82837
48741
30713
34397
57407
88896
6532
92796
62441
72491
75464
73415
78989
88443
53525
54776
41600
95800
17835
98472
40954
58896
72537
98815
96547
30441
41315
98615
28243
4715
33840
11080
69809
64553
61829
43568
53450
68362
52716
32243
40853
44532
22010
36194
32976
75535
90970
90928
71335
25158
5752
28642
406
78289
27457
96953
8731
68772
11920
36974
89839
45760
64406
76000
26666
26236
35920
96468
94598
88636
28711
51803
33169
67073
4349
82497
42609
11672
73425
30296
36830
79178
58938
53588
73819
2747
66893
98902
87871
78813
52228
94063
40925
16635
70063
67591
59223
5984
80411
53821
10972
25474
21976
44141
92548
26325
42990
51509
37997
16416
81805
91179
11946
57096
44767
2117
76195
11660
17372
64067
6825
69600
58130
47751
2587
28193
31694
61810
50529
28458
31983
61502
53932
53959
21995
46480
96637
64986
97989
50986
97754
96147
42166
26052
53243
3285
44521
29438
31298
61893
9857
38123
31494
67987
2226
50433
12533
50273
12244
79414
95083
60579
40916
49015
14539
79264
95496
27528
44250
9837
78514
58356
5984
37032
84408
75579
56670
28929
21370
87968
7175
31227
42443
38669
15567
61022
89102
28100
11295
17698
7514
6378
78278
64783
71745
9169
44047
83593
53049
4649
93431
31563
63005
99415
84948
47413
91347
41618
92694
12717
29586
99869
60296
88381
54890
75863
49403
60345
20315
77050
78043
44182
99780
72673
8965
71526
98194
53012
55119
51243
57661
48550
99159
37018
64318
84107
84431
55665
25725
93477
84734
71663
93347
45030
60044
64589
20894
25800
24934
57561
2850
19330
1743
2631
8355
10708
74157
6550
80072
45628
57793
54085
10531
73304
91103
74849
57411
91886
30514
99488
85364
31600
71151
95063
76630
47548
76004
13876
73348
939
71438
76198
36621
73181
95181
44976
242
85690
67878
80314
31319
42024
50752
41850
15328
41855
33051
72740
50094
79917
72228
51810
11517
59732
63225
88147
7280
39229
2024
96980
56520
89814
89530
93141
79347
84712
54470
79589
70402
22348
76256
18073
64372
27008
76275
79701
85215
9326
68793
35309
89243
41021
3471
760
17105
66696
5260
40737
5926
23636
37717
78798
13450
27248
88292
92797
28312
42762
88739
98714
65110
64995
16788
45835
92003
9415
41888
93570
18742
10681
28880
24337
68054
48703
25098
85160
15400
46710
25897
37678
70346
79967
16476
148
23567
4768
9297
51879
63882
98036
50593
45345
79383
83733
91180
87738
93149
33068
81309
28243
60101
26541
52580
28155
75244
94030
29667
90644
40740
71917
44674
27438
51884
61151
43938
75451
82271
69588
43682
46154
67624
94275
91499
63360
94361
99031
51098
3862
48451
32407
48457
8552
58948
1037
36707
50545
95068
82727
57541
52160
54644
2216
79599
22880
79719
39889
98331
61990
9477
58365
24496
93454
52640
32347
56814
63353
31378
7912
83567
79829
56672
32024
4733
15620
33062
41441
82517
44482
40520
40059
12994
95164
42275
92593
18044
21994
48835
32727
336
58312
91092
24833
51766
60084
57180
8580
39790
4911
32845
23357
1092
89517
55382
5826
21489
4796
63619
4007
65630
4139
44066
78624
99303
2693
87570
33699
41039
36405
66426
41375
94717
73870
82560
62836
33954
56093
71416
73744
61004
20613
13454
78448
10130
85188
84274
47972
89984
47893
51979
71966
68384
12397
50590
84039
31442
54512
17738
72481
90917
516
30208
1987
90738
12769
64823
24693
68862
52591
14789
46218
73205
44595
24666
99687
29783
8941
47659
36119
73186
15990
8085
57923
28387
75028
41962
76181
29540
76053
48662
36810
76569
78871
38797
67308
7992
3620
8353
76854
56211
39494
39424
45768
84090
64090
45456
30225
89383
93115
66345
78922
25458
90782
36845
70197
65810
78807
46379
95351
71212
11393
32161
47782
90264
87310
31442
98256
90930
56147
91462
63493
11993
30886
25614
12435
11329
71070
42661
712
80537
9006
79634
5995
99788
32831
92545
81951
27991
38924
93654
99203
50317
42167
63337
56934
29477
11131
71542
36759
67278
63005
16604
95624
10243
42218
8059
21572
29640
50720
22285
26530
76078
18271
48877
75867
51103
41422
74170
79094
80346
67824
94649
47016
9991
57987
3950
39468
69118
75492
92579
52749
54849
9183
48373
65093
67754
56432
3017
97394
23505
41654
23924
99583
59926
89154
91802
27381
30576
65972
22827
27275
33796
33828
90643
60139
91815
94593
15959
77286
86437
8538
30035
57639
17722
94760
39084
1828
51192
42101
99222
74697
83756
39499
90633
60034
28653
82435
3767
75581
48408
42946
19208
98556
76774
9851
58696
68590
20796
91007
62228
7234
99546
8615
64873
33620
3375
3957
35448
70919
62410
51022
61969
62518
90521
52602
22552
35526
35037
42671
27460
99797
85617
46668
98354
78744
56520
73402
47334
77316
64409
25914
902
80307
34529
65775
30279
37904
86084
82079
8823
48495
33102
87144
27365
39975
39746
49918
75502
91136
8941
2962
90933
10911
65982
5639
89655
22502
95393
53341
16171
76155
79255
17073
56462
13784
99201
3094
68040
1637
85173
76863
66484
18275
80360
93850
74603
20106
60120
50105
11242
69061
69419
18528
79972
35401
40519
69627
74256
35913
22968
6779
12068
18575
23852
84882
32359
39405
87976
399
41043
89502
93615
7527
24129
73975
1377
98732
10433
61497
65189
38028
46911
50960
56556
26883
2714
13427
12863
76970
49340
52183
83749
77760
70759
23953
62643
19470
63359
66971
36222
4402
72825
46189
28281
96955
20164
29659
95687
46949
7508
77229
84977
54419
28189
57885
97655
30903
71313
10518
24225
37005
79053
24326
14766
66164
48280
93761
85635
27991
60732
38209
48745
49910
84398
77026
46865
20914
6685
58904
67863
14194
36133
69193
84965
80675
27078
82620
11578
14743
93138
52156
51749
88544
76482
82867
54708
41114
76628
56695
69105
53712
94904
34202
3622
95654
11229
50487
16568
34266
25744
784
64812
78229
69977
49778
58904
13407
32398
86835
28151
41889
38991
96252
30433
31825
79119
1493
72940
55747
74541
58397
25811
85797
92600
29434
81452
20181
96273
14372
54447
38369
15156
19260
16599
85133
85390
75503
14893
34140
62338
59396
76029
17681
55648
22814
49507
51119
40660
22447
23218
15201
80844
49029
998
89796
94815
82450
9977
7441
96823
80777
45810
28331
37
62409
29817
1779
37913
44710
35919
16603
4106
28301
34285
59754
67467
144
27225
8127
22591
50443
23328
19787
99472
40679
25936
10640
39481
35913
18081
36304
16690
63891
80988
33079
26301
10805
34858
80566
55515
87130
97169
75973
15431
47806
52079
82898
47950
79304
7378
86893
29747
47058
6681
45571
87737
48969
56211
27219
84882
74292
79875
17925
38184
60863
51004
64485
88020
2215
61403
43535
5697
58572
35860
37480
22731
87939
36730
87033
67243
44108
73927
96990
91167
96960
58914
95256
45929
15125
38827
47163
5770
18703
65088
43954
95918
32445
24791
83939
51012
86194
43826
56709
61118
79687
94189
201
67626
30919
87235
51222
91380
61162
64564
98899
74474
23478
94155
20403
54956
32983
83918
60726
68038
49007
4680
63956
97804
45823
64247
48816
48369
24426
21877
9487
20465
16066
26041
88091
63337
13276
55665
71069
90790
20230
69968
65264
60060
80476
2019
15016
29811
85937
75742
97849
51296
96774
78157
49100
42597
58757
97916
90966
83183
19793
16806
3648
52211
42847
8091
31901
72475
63757
2970
79617
339
89291
44881
60399
69767
63252
75416
99578
65541
51158
13779
16838
47933
91936
82290
6882
50693
96559
97849
33876
32704
31007
53876
84916
73854
61968
33169
62681
42077
36139
42298
42416
41782
3531
2815
11549
66783
78231
27479
48676
45742
41258
81866
10027
49547
64157
16909
240
77068
31110
50469
9772
62117
4345
94688
52323
82665
44209
15004
24742
96701
73654
67158
38483
77185
69974
66385
60320
64557
93864
8997
10299
51475
7215
36678
1022
87724
69940
1262
64792
17402
68083
74565
79520
72429
85605
48195
55094
29815
79552
79837
26516
53206
63347
81351
30392
33321
47736
90712
14231
57953
16061
40882
9428
23277
77561
26802
11001
47501
44416
75794
81255
12500
66711
60775
1281
52316
25323
72727
98483
4875
68916
24999
58081
32264
22703
4825
81937
70439
95538
96168
44744
27951
37051
70524
51228
14612
97326
78582
78465
41743
70728
59720
70595
37439
36848
71876
89755
78523
60955
88239
83398
29872
29590
57831
78488
52293
62657
60425
39085
74547
56594
83829
18850
9997
54354
86431
40961
68032
65013
19426
9775
35741
95498
96722
73180
48698
84950
79287
27221
45906
83878
26971
75778
13469
1155
54266
82114
80164
31043
21199
71063
3989
21381
89913
13986
92087
76344
54947
60119
41357
90725
86247
93450
2576
82969
82982
51274
67920
78622
94848
13826
62500
38171
5956
92321
39326
76574
74436
35842
23969
11987
6905
27959
49720
96819
41945
41807
89515
96893
1927
30873
87618
88174
40675
90194
87495
23658
57821
71767
18632
69021
1945
81132
7192
7901
73454
62871
827
64242
98713
24797
92581
21971
52756
42302
18790
11053
84109
24657
7946
86036
55530
11917
90562
12558
18463
94410
52568
76284
66177
71200
45305
68123
52332
68850
92376
42138
48073
93204
22732
63138
34353
15314
85109
3461
73968
20251
14514
58077
44909
38813
60466
16791
67082
67380
29349
85545
61790
98269
61830
27968
69469
23487
12443
38154
8689
4819
80292
56762
14375
19377
36253
48728
51043
21362
68541
25011
57966
83056
83088
2875
38221
59906
36018
5303
27287
65368
90848
5429
63637
69030
49749
49459
8870
62192
87613
33911
67012
84257
90674
81387
3634
43279
46468
54677
64641
15009
79688
22607
14417
79129
41834
68990
39035
77853
74293
82674
59573
81494
88104
39562
66876
37853
89021
75746
16398
76634
26010
83410
60892
33036
81149
80878
76315
43969
35556
40956
58979
31596
79916
89748
10725
38102
58739
66113
15955
49384
65139
75528
30878
53243
15091
97755
